0.6804090943014718	0.05841838413642564	0.39224208642884517	0.8978275774308078	1.0516082604411399	1.1013934830134025	1.2879928045346674	1.4940213823555364	1.5527136498779641	1.592136581470354	1.5839119069910397	1.5367106739534724	1.4369125379345098	1.367382059151244	1.1883491901438523	0.9222646672318865	0.739387246113763	0.6435771380025963	0.38690058688172885	0.022332609095096
-0.17321647357202688	0.38046737902870914	0.589882453558826	0.8486163751671014	0.872919265160794	0.8271953927478036	0.8753989690296812	0.9102026586879686	0.7714660017090812	0.7527967169929695	0.8103136587467065	0.8794019393529036	0.7967482559400316	0.8296488084959333	0.9096785185314948	0.9042165611840622	0.7633687240566313	0.6675814864061521	0.5899813034993635	0.38927191564903146
-0.16314164048757324	0.09492064196558966	0.5738015633791761	0.8023218595496499	0.9919612605981989	1.067950240644541	1.0502113389668684	1.1341422133765577	1.1517770865563326	1.1841611696828005	1.1285367924298488	1.194133931963759	1.1197317052801923	1.0570184733896075	1.0022811408278878	1.0353266205605922	0.93776723470386	0.7705372009968479	0.6750533338642931	0.6438610088386642
0.10171514177188089	-0.03801454539866127	0.026263358875135617	0.4375589699320996	0.9332372004376196	1.111791758740816	0.9021370400035621	0.8450754905396631	0.9181101232026726	1.0160887208345546	0.8406110924224374	0.8766708811371943	0.9459859201030733	1.022402954505885	0.894760409410693	0.9130318638882811	0.979306326227138	0.9621648103017767	0.7662690208529735	0.7331377851978044
0.09926478949120399	-0.022488587125005288	-0.1573752643953971	0.06106244966491731	0.5524756087979678	1.0030115319236845	1.0988395108271225	1.0638119424133536	0.9888315404557864	1.1309462812732396	1.0679631779320615	1.0636937823866106	0.9864226324643717	1.0928735158659153	1.0107516232245344	0.9561626441999217	0.9281012166135513	1.0334946122344435	0.8807651961121477	0.9178137454586534
-0.06044468968413513	0.01737900602445505	0.01939897634232139	-0.0751017316576613	-0.027125384566970667	0.44772277153467155	0.9777332419417352	1.1637257506676155	0.8833790812168314	0.8797494125273124	0.9594019089830231	1.0911499875034039	0.8883826026737065	0.9406532472843817	1.0081971674288122	1.082310884339836	0.9095561373674129	0.9875556944789998	0.9113626676793376	1.2086863661496061
-0.07496760263455376	0.010069815337403438	0.10004346675514675	0.003570428565295195	-0.16803042287442624	0.02102151996408866	0.5394710273457414	1.0745240030833665	1.0955165259864765	1.0307650705863147	0.9268856188888855	1.109074373736354	1.008537452086372	0.9891694371751666	0.9207094358034661	1.0767054039908681	0.9496969750768927	1.030751189988805	0.844988216355274	1.3692331932665485
0.0407360942456445	-0.013732183329697466	-0.03131259472902261	0.03792456327092715	0.020006203687661067	-0.09131093352352429	-0.07090334996954152	0.4714650774336631	1.0011928484426578	1.2057733748179686	0.8889547110768728	0.9204736127300499	1.0098861141377824	1.1451920210014852	0.9202319471462689	1.005617633042264	0.9720433186356066	1.1926647202674807	0.828803962045364	1.416890882166376
0.06191866071138836	0.0026250399221652097	-0.07656114928396113	-0.005527802502968939	0.10632049128671944	0.04224944428855058	-0.18881299311044314	-0.009007677941544879	0.5147695122666538	1.0991335062300898	1.0679684924268598	0.9790294695031418	0.8810802705430786	1.0819191072057657	0.9568193227993615	1.0080837536414413	0.8615476458793802	1.1691714360134886	0.8107876099135402	1.5033789936098352
-0.03413505745088285	0.01277809543370502	0.028569539715370698	-0.025928153710114137	-0.04465879680045818	0.05889941243453847	0.02955365422002075	-0.08845547225837065	-0.09065526068972136	0.49758545896856515	1.0352170273753816	1.2385210957700297	0.9233565100878175	0.9602095583647521	1.0035578589704095	1.195834985972706	0.9068809543611921	1.1319196545429735	0.8215596868962305	1.6506282310766711
-0.05306408411397989	-0.0110831101543529	0.0629525180125527	0.02412834213130152	-0.08847303280938386	-0.02552290582597366	0.10561535389873208	0.06906173251634133	-0.2089356624459771	-0.044043504741204095	0.493588063665259	1.0800309814019369	1.0417894708891937	0.9716019464655667	0.8592224235036605	1.0860660585644866	0.9014861564258908	1.1199565319982658	0.766628739487213	1.6154855691958352
0.03497252520674446	-0.012651561374457887	-0.033995486999254185	0.025672436510864597	0.037434567671114485	-0.03181567672568472	-0.05934303934583868	0.07462702224808627	0.04584816664172925	-0.07859277171559895	-0.06954807290763723	0.510108123879058	1.0307288730104873	1.247172897759264	0.9526403238063311	0.9888750685423999	0.9474643812663283	1.2502354367897321	0.8236265528401334	1.4901658471645827
0.04592701520693456	0.020157663678442544	-0.05667896405909689	-0.030879244320877762	0.0685644672341754	0.0467800578965711	-0.09791879871803388	-0.046450017364196634	0.10124758234050071	0.06437928755570889	-0.21335513221355568	-0.04548555564938973	0.4919710193389891	1.0477527530017738	1.028964112898801	0.9974405786921144	0.8686237328356675	1.1332878466789171	0.8426876835896302	1.4114664360719136
-0.042538997909478446	0.015022566164363451	0.03962528859592973	-0.021885626786743533	-0.046921701509395564	0.03367351176749755	0.04795658670950983	-0.031688049055587315	-0.05071446908898436	0.07426998179581555	0.03505984167518878	-0.07294045812630173	-0.027250780801676554	0.4976549965396209	0.9895488614557979	1.2182114801954278	0.9589493617419795	0.9891996537592135	0.8647571049800229	1.4081704654483722
-0.04017280817651389	-0.028288800362852563	0.0501611464773096	0.04254364039525799	-0.06219068036606126	-0.0494325718561511	0.06991713413640539	0.04927057670249697	-0.09626021940760443	-0.04128007304334879	0.09828554061737312	0.041624564858394546	-0.1967137456251405	-0.02335029436971924	0.5110418240376218	1.0135383878576723	1.0159077674427746	1.0029453665399735	0.858358512863365	1.2250518069120926
0.05736029608185732	-0.018781118346472166	-0.0519886669092901	0.022160392472007778	0.05131856964318106	-0.024338619934268217	-0.0426924585454103	0.031024149914762596	0.03150177744161221	-0.026555916168462812	-0.02358432811107209	0.056686780856754444	0.010370157862146626	-0.06905580834542205	0.01710867204960958	0.4550056050452812	0.9039397384206865	1.1435516286900134	0.8891700424095258	0.8776416266353675
0.0354463298521064	0.03827000594558168	-0.04298902759484602	-0.05038517051039408	0.05197032419750339	0.04604562637465223	-0.05988316419826358	-0.039437623995994917	0.06526569762656571	0.03494691029407658	-0.08507942434183147	-0.030890040811690576	0.09608858377509244	0.025674308287056836	-0.15969198097821105	0.0170244086481217	0.491362185784604	0.8882718341143583	0.8412116214591135	0.6659594807041861
-0.08568630822366786	0.023403837799084823	0.07109986289750934	-0.023232041714440713	-0.04915025626606735	0.02006320205425466	0.032224647124516365	-0.01775645333056699	-0.020459644458414892	0.019989279283509437	0.010711002872229352	-0.016601137542264235	0.0018435428314357363	0.020165139617803175	-0.030233399688427677	-0.010455315273043012	0.11685392315723447	0.26783550051521043	0.604624310442849	0.7215511024042289
-0.030603407338710677	-0.05251488489779876	0.031963466002294154	0.03982835200383249	-0.0375351058994971	-0.033940999643580744	0.04517811182162974	0.03220724432011067	-0.053150346590404685	-0.030906823825497032	0.05767985974910167	0.026670046830275768	-0.061241032964040265	-0.015388186509873735	0.055878474568739504	-0.010935187395039892	-0.044077348368520605	0.10857471810457947	0.15699903957283895	0.5317077755650079
0.16707781393913407	-0.02840928488869686	-0.08516767608591934	0.028287376362298878	0.054641748894661134	-0.023742072915937544	-0.034179196337491224	0.015289992382971141	0.01537383392239124	-0.002561395246181899	0.0054275654922159855	-0.014362131061462682	-0.031203484982316166	0.03870139082236093	0.06712007495964947	-0.07643421890064354	-0.1292434623809181	0.16593261418612287	0.30025012417383823	-0.49099867126731056
